 1051868537  189904501 2132168488  193630037
  625936758 1778516076 4023767873 1029338106
  205571696 1509486384  488614069 2863466831
 1907839148 2811599434  901899682  422717904
    3449128 2967663559 3461334872  372530104
 3047271230  283617071 4145258747 1353093470
 2679112024 1351221422  522420465 1774779921
  106454829 3471564352   86795355 1073224236
 1983557798 2455739207 3546790496 2032439810
 3181251450 2761689306 1270447292 1125939527
  668245741 2686170881 3097058635  234848372
  423713047 1305998777  196521505 4065354549
 2719393688  294633672 3641902762 1517162727
 3618310508 4051693373 2790688914  750090113
 1455036341 4056206103  331058114 1389024520
   63815476  227900037  651662053 1980421129
  545180755 4033175495 3845880351 3721192128
 4083969165 2445563833  342742842 1413467185
 3874294348 2903651708  156226843 1766501703
 2444089138  259446267  488592721 3478334091
 2331125125 4139288619 1124236895  949575824
  685247008 3286409987  142261733 1509230192
   34145444 2185142237 2186243210  143139435
 4271998532 2585226399  417214283   93816336
 1448427759 2182431356 2657268849 2764110145
  827188019 4020258037 2987689063  709557968
 2637205816 2043761212  544729967 3030270482
 3112054072 2421628761 2034382912 3833502189
  136211491 3339100895 1495160035 1866746153
  693737161 3896903068 1575491615 2469881651
  551692286 1048026306  963650229 1852023270
 1126702013 2700924323 1375158107 2924974627
 3580682860  994701129 3337929552 1424375509
 2900520585 2020201941 3189832712  633823083
  887939267 3755122829  838841582  824563813
  129549783 1182042670 1838939632  333506402
 1603396871 2289120115 3343228808 4011906061
 1628852228  609581704
